11010001001100010000101110100110
10011000110111111011010110101100
00101111111111010111001011011011
11010000000110101101111110110111
10111000111000011010111111101101
01101010001001100111111010010110
10111010011111001001000001000101
11110001001011000111111110011001
00100100101000011001100101000111
10110011100100010110110011110111
00001000000000011111001011100010
10000101100011101111110000010110
01100011011010010010000011011000
01110001010101110100111001101001
10100100010110001111111010100011
11110100100100110011110101111110
00001101100101010111010010001111
01110010100011101011011001011000
01110001100010111100110101011000
10000010000101010100101011101110
01111011010101001010010000011101
11000010010110100101100110110101
10011100001100001101010100111001
00101010111100100110000000010011
11000101110100011011000000100011
00101000011000001000010111110000
11001010010000010111100100011000
10111000110110110011100011101111
10001110011110011101110010110000
01100000001110100001100000001110
01101100100111100000111010001011
10110000000111101000101000111110
11010111000101010111011111000001
10111101001100010100101100100111
01111000101011110010111111011010
01010101011000000101110001100000
11100110010101010010010111110011
10101010010101011010101110010100
01010111010010001001100001100010
01100011111010000001010001000000
01010101110010100011100101101010
00101010101010110001000010110110
10110100110011000101110000110100
00010001010000011110100011001110
10100001010101001000011010101111
01111100011100101110100110010011
10110011111011100001010000010001
01100011011011111011110000101010
00101011101010011100010101011101
01110100000110000011000111110110
11001110010111000011111000010110
10011011100001111001001100011110
10101111110101101011101000110011
01101100001001001100111101011100
01111010001100100101001110000001
00101000100101011000011001110111
00111011100011110100100010011000
01101011010010111011100110101111
11000100101111111110100000011011
01100110001010000010000110010011
01100001110110000000100111001100
11111011001000011010100110010001
01001000011111001010110001100000
01011101111011001000000000110010
11101111100001000101110101011101
11101001100001010111010110110001
11011100001001100010001100000010
11101011011001010001101110001000
00100011100010010011111010000001
11010011100101101010110011000101
00001111011011010110111111110011
10000011111101000100001000111001
00101110000010110100010010000010
10100100100001000010000000000100
01101001110010001111000001001010
10011110000111111001101101011110
00100001110001100110100001000010
11110110111010010110110010011010
01100111000011001001110001100001
10101011110100111000100011110000
01101010010100011010000011010010
11011000010101000010111101101000
10010110000011111010011100101000
10101011010100010011001110100011
01101110111011110000101101101100
00010011011110100011101111100100
10111010001110111111000001010000
01111110111110110010101010011000
10100001111100010110010100011101
00111001101011110000000101110110
01100110110010100101100100111110
10000010010000110000111010001000
10001100111011101000011000011001
01000101011011111001111110110100
01111101100001001010010111000011
00111011100010110101111010111110
11100000011011110111010111011000
10000101110000010010000001110011
01000000000110100100010010011111
01010110110000010110101010100110
01001110110100111010101001100010
00110110001111110111011100000110
00011011111111101101111101110010
01000010100110110000001000111101
00110111110100001101011100100100
11010000000010100001001001001000
11011011000011111110101011010011
01001001111100011100000010011011
00000111010100110111001011001001
10000000100110010001101101111011
00100101110101000111100111011000
11110110111010001101111011110111
11100011111111100101000000011010
10110110011110010100110000111011
10010111011011001110000010111101
00000100110000000000011010111010
11000001101010010100111110110110
01000000100111110110000011000100
01011110010111001001111011000010
00011001011010100010010001100011
01101000111110110110111110101111
00111110011011000101001110110101
00010011001110011011001011101011
00111011010100101110110001101111
01101101111111000101000100011111
10011011001100001001010100101100
11001100100000010100010101000100
10101111010111101011110100001001
10111110111000111101000000000100
11011110001100110100101011111101
01100110000011110010100000000111
00011001001011100100101110110011
11000000110010111010100001010111
01000101110010000111010000001111
11010010000010110101111100111001
10111001110100111111101111011011
01010101011110011100000010111101
00011010011000000011001000001010
11010110101000010000000011000110
01000000001011000111001001111001
01100111100111110010010111111110
11111011000111111010001111001100
10001110101001011110100111111000
11011011001100100010001011111000
00111100011101010001011011011111
11111101011000010110101100010101
00101111010100000001111011001000
10101101000001010101001010101011
00110010001111011011010111111010
11111101001000111000011101100000
01010011001100010111101101001000
00111110000000001101111110000010
10011110010111000101011110111011
11001010011011111000110010100000
00011010100001110101011000101110
11011111000101110110100111011011
11010101010000101010100011110110
00101000011111101111111111000011
10101100011001110011001011000110
10001100010011110101010101110011
01101001010110110010011110110000
10111011110010100101100011001000
11100001111111111010001101011101
10111000111100000001000110100000
00010000111110100011110110011000
11111101001000011000001110111000
01001010111111001011010101101100
00101101110100011101001101011011
10011010010100111110010001111001
10110110111110000100010101100101
11010010100011100100100110111100
01001011111110111001011110010000
11100001110111011111001011011010
10100100110010110111111000110011
01100010111110110001001101000001
11001110111001001100011011101000
11101111001000001100101011011010
00110110011101110100110000000001
11010000011111101001111011111110
00101011111100010001111110110100
10010101110110111101101001001101
10101110100100001001000110011000
11101010101011011000111001110001
01101011100100111101010110100000
11010000100011101101000111010000
10101111110001110010010111100000
10001110001111000101101100101111
10001110011101011001010010110111
10001111111101101110001011111011
11110010000100100010101101100100
10001000100010001011100000010010
10010000000011011111000000011100
01001111101011010101111010100000
01101000100011111100001100011100
11010001110011111111000110010001
10110011101010001100000110101101
00101111001011110010001000011000
10111110000011100001011101110111
11101010011101010010110111111110
10001011000000100001111110100001
11100101101000001100110000001111
10110101011011110111010011101000
00011000101011001111001111010110
11001110100010011110001010011001
10110100101010000100111111100000
11111101000100111110000010110111
01111100110001000011101110000001
11010010101011011010100011011001
00010110010111111010001001100110
10000000100101010111011100000101
10010011110011000111001100010100
00100001000110100001010001110111
11100110101011010010000001100101
01110111101101011111101010000110
11000111010101000100001011110101
11111011100111010011010111001111
11101011110011011010111100001100
01111011001111101000100110100000
11010110010000010001101111010011
10101110000111100111111001001001
00000000001001010000111000101101
00100000011100011011001101011110
00100010011010000000000010111011
01010111101110001110000010101111
00100100011001000011011010011011
11110000000010011011100100011110
01010101011000111001000100011101
01011001110111111010011010101010
01111000110000010100001110001001
11011001010110100101001101111111
00100000011111010101101110100010
00000010111001011011100111000101
10000011001001100000001101110110
01100010100101011100111110101001
00010001110010000001100101101000
01001110011100110100101001000001
10110011010001110010110111001010
01111011000101001010100101001010
00011011010100010000000001010010
10011010010100110010100100010101
11010110000011110101011100111111
10111100100110111100011011100100
00101011011000001010010001110110
10000001111001100111010000000000
00001000101110100110111110110101
01010111000110111110100100011111
11110010100101101110110001101011
00101010000011011101100100010101
10110110011000110110010100100001
11100111101110011111100110110110
11111111001101000000010100101110
11000101100001010101011001100100
01010011101100000010110101011101
10101001100111111000111110100001
00001000101110100100011110011001
01101110100001010000011101101010
