00111010001110011100111000110111
11010011111110101111010111001111
10101011110000100111011100110111
01011010110001010010110100011011
01011100101100000110011110011110
01001111101000110011011101000010
11010011100000100010011101000000
10011001101111001001101110111110
11010101000100011000111010011101
10111111000011110111001100010101
11010110001011010001110001111110
11000111000000001100010001111011
10110111100011000001101101101011
00100001101000011001000001000101
10110010011011101011000110111110
01101010001101100110111010110100
01010111010010001010101100101111
10111100100101000110111001111001
11000110101000110111011011010010
01100101010010011100001011001000
01010011000011111111100011101110
01000110100011011101111001111101
11010101011100110000101000011101
01001100110100000100110111000110
00101001001110011011101111011011
10101001101110100100011001010000
10101100100101010010011011101000
10111110010111101110001100000100
10100001111110101101010111110000
01101010001011010101000110011010
01100011111011111000110011100010
10011010100001101110111000100010
11000000100010011100001010111000
01000011001001000010111011110110
10100101000111100000001110101010
10011100111100101101000010100100
10000011110000000110000110111010
10011011111010010110101001001101
10001111111001010001010101010000
10111010011001000101101111010110
00101000001001101010001011111001
10100111001110100011101011100001
01001011101010011001010110000110
11101111010101010110001011101001
11000111001011111110111111010011
11110111010100101111011111011010
00111111000001000110111101101001
01110111111110100000101001011001
10000000111001001010100100010101
10000111101100001000011000000001
10011011000010011110011010101101
00111011001111101110010110010011
11101001100100001111110101011010
10011110001101001101011110010111
00101100111100001011011111011001
00000010001010111000101101010001
10010110110101011010110000111010
00000001011111011010011001111101
11010001110011110011111011010110
01111100011111010010110100101000
00011111100111110010010111001111
10101101111100101011100010011011
01011010110101101011010001110010
01011010100010001111010101001100
11100000001010011010110001110001
11100000000110011010010111100110
01000111101100001010110011111101
11101101100100111111101010011011
11101000110100111100010010001101
00101000001110110101011111001100
11111000110101010110011000101001
01111001000100110010111000101000
01111000010111110000000110010001
11101101011101010110000001010101
11110111100101100000111001000100
11100011110100110101111010001100
00010101000001010110110111010100
10001000111101000110110110111010
00000011101000010110000100100101
00000101011001001111000010111101
11000011111010111001111000010101
00111100100100000101011110100010
10010111001001110001101011101100
10101001001110100000011100101010
00011011001111110110110110011011
00011110011000110010000111110101
11110101100111000110011011111011
00100110110111001111001100011001
01110101001100111101100100101000
10110001010101011111110111110101
00000011010101100011010010000010
10001010101110100011110010111011
00101000010100010111011100010001
11000010000010101101100111111000
10101011110011000101000101100111
11001100101011011001001001011111
01001101111010000001011101010001
00111000001100001101110010001110
00110111100111010101100001100010
10010011001000001111100110010001
11101010011110101001000011000010
11111011001111100111101111001110
01010001001000011100111001100100
01110111010011111011111000110010
10101000101101101110001101111110
11000011001010010011110101000110
01001000110111100101001101101001
01100100000100111110011010000000
10100010101011100000100000010000
11011101011011011011001000100100
01101001100001010010110111111101
00001001000001110010000101100110
10110011100110100100011000001010
01100100010001011100000011011101
01011000011011001101111011001111
00011100001000001100100010101110
01011011101111101111011111011101
00011011010110001000110101000000
11001100110100100000000101111111
01101011101101001110001110111011
11011101101000100110101001111110
00111010010110011111111101000101
00111110001101010000101001000100
10111100101101001100110111010101
01110010111010101100111010101000
11111010011001001000010010111011
10001101011001100001001010101110
10111111001111000110111101000111
11010010100110111110010001100011
01010100001011110101110110011110
10101110110000100111011100011011
11110110010011100110001101110000
01110100000011100000110110001101
11100111010110110001001101010111
11111000011100100001011001110001
10101111010100110111110101011101
01000000010000001100101100001000
01001110101101001110001011001100
00110100110100100100011001101010
00000001000101011010111110000100
11100001101100000000010000101000
10010101100110000011101000011101
00000110101110001001111110110100
11001110011011101010000001001000
01101111001111110011101110000010
00110101001000001010101110000010
00000001000110100001110101001011
00100111011100100010011111111000
01100001000101010110000010110001
11100111100100110011111111011100
10111011001110100111100100101011
00110100010001010010010110111101
10100000100010000011100111100001
01010001110011100111100101001011
00101111001100101100100110110111
10100000000111111011101011001001
11100000000111001100100001111110
10111100110001111101000111110110
11001111000000010001000111000011
10100001111010001010101011000111
00011010100100001000011101001001
11010100010011111011110110011010
11010000110110101101111011001011
11010101000010101101101000111000
00000011001110011100001100101010
11000110100100010011011001100111
10001101111110010011000101111100
11100000101100010010101101001111
11110111100111100101100110110111
01000011111101011011101100111010
11110010110101010001100111111111
00100111110110010100010110011100
10111111100101110010001000101100
00010101111001101111110000101010
00001111100100011111110001110001
10011011100101000001010100100101
11111010111001011001001101100001
11001110101101101001110011101011
11000010101010000110010001011001
00010010101110101010100011010001
10110110110000010000011101011110
11100011000001010110101000001100
00010000110100100101000001100101
11001011000000111010010001000010
11100000111011000110111000001110
00010110100110001101101100111011
01001100100110001010000010111110
00110010011110001110100101100100
10011111000111111001010100110010
11100000110100111001001011011111
11010011101000000011010000101011
10001001011100011111001000011110
00011011000010100111010001000001
01001011101000110011010010001100
11000101101111100111000100100000
11000011011101100011001011011000
11011111001101011001111110001101
10011011100110010010111100101110
11100110000010110110111101000111
00001111111000111111000100011101
11100101010011001101101001010100
00011110110110101101100010010001
11001110011000100111100111001111
11001101001111100111111001101111
00010110000110001011000101100110
11111101001011000001110100000101
10000100100011111101001011000101
11110110111110110010001010011001
11110101001000111111001101010111
10100110001100100111011000100011
10010011101010000011010100110001
01010110110011001100110100000010
10101100111100001000000101100010
01011010011101011110101110110101
01101110000101100011011010010111
10001000110100100111001111001100
11011110100101100110001010010010
10000001101110010100100111010000
01001100010100001001000000011011
01110001110001100101011000010100
11100110110001101100011110111101
00110010011110100001010000001010
01000101111000011101000000000110
11000011111100100111101110011010
11001001101010100101001111111101
01100010101010000000111100000000
10111011001001011011111111100010
00110101101111011101001011110110
01110001000100100110100100000101
10110010000001000000001000100010
10110110110010111100111101111100
11001101011101101001110000101011
01010011000100010011111011000000
00010110010000001110001111010011
00111000101010111011110101100000
00100101010001111010110111110000
10111010001110000010000010011100
11110111010001101100111001110110
01110111101011111010000111000101
00100000011101010110000001100000
10000101110010111111111001001110
10001010111010001000110111011000
01111010101010101111100110110000
01001100111110011010101001111110
00011001010010001100001001011100
00000010111110111000101010001100
00000001110000110110101011100100
11010110111010111110000111111001
10010000110101001111100001101001
10100110010111001101111010100000
00111111000010010010010100101101
11000010000010001110011010011111
10110111010011100110000100110010
11001110011101111110001001011011
01010111100011111101111111100011
00111010110000110111001011100110
