01001011011110100111000011101001
10110101101100110010100101000100
11011011011101010000100100101110
11000100000110010010011000100011
10101101011011101010011010110000
01001001101001111101111101111101
10011100111011100110000010111000
10001111111011011011001001100110
11101100101010101000110001110001
01101001100110100001011111111111
01010110011001000101001001101100
11000010101100011001111011100001
00011001001101100000001010100101
01110101000010010100110000101001
10100000010110010001001101000000
11100100000110000011101000111110
00111111010101001001100010011010
01011011010000101001110101100101
01101011100011111110010011010110
10011001111101110011111111010110
10100001110100101001110000000111
11101111111010000011000011110101
01001101001011010011100011100110
11110000001001010101110111000001
01001100110111010010000010000110
10000100011100001110101100100110
01100011100000101110100111000110
00000010000111101100110001011110
00001001011010000110101100111111
00111110101110101110111111001001
00111100100101110001100000010100
01101011011010100111000010100001
01101000011111110011010110000100
01010010101000001110001010000110
10110111100111000101001100000101
10101010010100000000011100110111
00111110000001111000010000011100
01111111110111101010111001011100
10001110011111010100010011101100
01010111000101101111001010111000
10110000001110101101101000110111
11110000010100000000110000001101
11110000000111000001111100000100
00000010000000001011001111111111
10101110000011001111010100011010
00111100101101010111010010110010
00100101100000110111101001011000
11011100000010010010000110111101
11010001100100010001001111111001
01111100101010010010111111110110
10010100001100100100011101110011
00100010111101010100011100000001
00111010111001011110010110000001
00110111110000101101101011011100
11001000101101010111011000110100
10011010111100111101110110100111
10101001010001000110000101000110
00001111110100000000001100001110
11101100110010001100011100111110
10100100011101010001111001000001
11100010001110001100110110011001
00111011111010100000111000101111
00110010100000001011101110100001
00011000001111101011001100110001
01001110010101001000101100111000
01001111011011011011100100001000
01101111010000100000110100000011
11110110000010100000010010111111
00101100101110000001001010010000
00100100100101110111110001111001
01010110011110011011000001110010
10111100101011111000100110101111
11011110100110100111011100011111
11011001100100110000100000010000
10110011100010111010111000010010
11011100110011110011111100101110
01010101000100100111001000011111
00101110011010110111000100100100
01010000000110101101110111100110
10011111100001001100110110000111
01111010010110000100011100011000
01110100000010001101101000010111
10111100100111111001101010111100
11101001010010110111110110001100
11101100011110101110110000111010
11011011100001010001110111111010
01100011000010010100001101100110
11000100011001001100001111010010
11101111000111000001100001000111
00110010000101011101100100001000
11011101010000110011101100110111
00100100110000101011101000010110
00010010101000010100110101000011
00101010011001011100010001010001
01010000100101000000000000000010
00010011001110101110010011011101
01110001110111111111100010011110
00010000001100010100111001010101
10000001101011000111011111010110
01011111000100010001100110011011
00000100001101010101011011110001
11010111101000111100011101101011
00111100000100010001100000111011
01011001001001001010010100001001
11110010100011111110011011101101
10010111111100011111101111111010
10011110101110101011111100101100
00011110000101010011110001101110
10000110111000110100010101110000
11101010111010010110111110110001
10000110000011100101111000001010
01011010001111100010101010110011
01110111000111111110011100011100
01001110001111010000011011111010
00101001011001011101110010111001
10011001111001110001110100001111
10000000001111101000100111010110
01010010011001101100100000100101
00101110010011001100100101111000
10011100000100001011001101101010
11000110000101010000111010111010
10010100111000101110101001111000
10100101111111000011110001010011
00011110000010100010110111110100
11110010111101110100111010100111
00110110000111010010101100111101
00011001001110010010011000001111
00011001110000100111100101100000
01010010001000111010011100001000
11110111000100110001001010110110
11101011101011011111111001101110
11101010110000110001111101100110
11100011101111000100010110010101
10100110011110111100100010000011
10110001011111110011011111010001
00000001100011001111111100101000
11000011001100101101110111101111
10111110011011000101101010100101
01100101010110000010000110000101
01101000101010111001100000000010
11101110110011101010010100001111
11011011001011111001010100111011
00101010111011110111110110101101
01011011011011100010111110000100
00010101001000011011011000101000
00101001000001110110000101110000
11101100110111010100011101110101
01100001100111110001010100010000
00010011110011001010100000110000
11101011011000011011110110010110
00000011001101001111111000011110
10101010000000110110001111001111
10110101011100110101110010010000
01001100011100001010001000111001
11010101100111101001111000001011
11001011101010101101111000010100
11101110110011001000011010111100
01100000011000100010110010100111
10011100101010110101110010101011
10110010111100111000010001101110
01100100100010110001111010101111
00011001101111011111000011001010
10100000001000110110100110111001
01100101010110101011101101010000
01000000011010000101101000110010
00111100001010101011010010110011
00110001100111101110100111010101
11000000001000011011100011110111
10011011010101000000101100011001
10000111010111111010000010011001
10010101111101111001100101111110
01100010001111010111110110101000
11111000001101111000100010011010
10010111111000110010110101110111
00010001111011011001001101011111
00010110011010000001001010000001
00001110001101011000100000101001
11000111111001100001111111010110
10010110110111101101111110100001
01111000010110001011101010011001
01010111111101011000010010100101
00011011001000100111001001100011
10011011100000111100001111111111
00011010110000100100011010010110
11001101101100110000101011101011
01010011001011100011000001010100
10001111110110010100100011100100
01101101101111000011000100101000
01011000111010111111001011101111
00110100110001101111111111101010
11111110001010001110110101100001
11101110011111000011110001110011
01011101010010100001010011011001
11101000011001001011011111100011
01000010000100000101110100010100
00100000001111100001001111100000
01000101111011101110001010110110
10100011101010101010101111101010
11011011011011000100111100010101
11111010110010110100111111010000
11000111010000101111010001000010
11101111011010101011101110110101
01100101010011110011101100011101
01000001110011010010000100000101
11011000000111100111100110011110
10000110100001010100110111000111
11100100010010110100011101101010
00111101100000010110001001010000
11001111011000101010000111110010
01011011100011010010011001000110
11111100100010001000001110100000
11000001110001111011011010100011
01111111000101010010010011000011
01101001110010110111010010010010
01000111100001001000101000001011
01010110100100101011001010000101
00001001010110111011111100000000
10101101000110010100100010011101
00010100011000101011000101110100
00100011100000100000111000000000
01011000010000101000110100101010
00001100010101011111010111101010
00011101101011011111010000111110
00100011001111110111000001100001
00110011011100101111000010010010
10001101100100110111111001000001
11010110010111111110110011110001
01101100001000100011101111011011
01111100110111100011011101011001
11001011111011100111010001100000
01000000100001011111001010100111
11001110011101110011001001101110
10100110000001111000000010000100
00011001111110000101000010011110
11101000111011111101100001010101
01100001110110011001011100110101
10101001011010011010011110101010
11000101000011000000011011000010
01011010000001001010101111111100
10000000000010111100101011011100
10011110010001000111101000101110
11000011010001010011010010000100
11111101110101010110011100000101
00001110000111101001111011001001
11011011011100111101101111010011
00010000010101011000100011001101
01100111010111111101101001111001
11100011011001110100001101000000
11000101110001000011010001100101
01110001001111100011100011011000
00111101001010001111100010011110
11110001011011011111111100100000
00010101001111100010000111100111
10001111101100000011110101001010
11100110111000111001111100101011
11011011100000111010110111110111
