11101001001111010101101001101000
10010100100000010100000011110111
11110110010011000010011000011100
10010100011010010010100100110100
01000001000101010010000011110111
01110110000000101101010011110111
10111100111101000110101100101110
11010100101000100000000001101000
11010100000010000010010001110001
00110011001000001111010001101010
01000011101101111101010010110111
01010000000000000110000110101111
00011110001110011111011000101110
10010111001001000100010101000110
00010100001000010100111101110100
10111111100010111000100001000000
01001101100101011111110000011101
10010110101101011001000110101111
01110000111101001101110111010011
01100110101000000010111101000101
10111111101111000000100111101100
00000011101111011001011110000101
01111111101011000110110111010000
00110001110010111000010100000100
10010110111010110010011110110011
01010101111111010011100101000001
11011010001001010100011111100110
10101011110010100000101010011010
00101000010100000111100000100101
01010011000001000010100111110100
00001010001011001000011011011010
11101001101101100110110111111011
01101000110111000001010001100010
11010111010010000110100100000000
01101000000011101100000010100100
00100111101000011000110111101110
01001111001111111111111010100010
11101000100001111010110110001100
10110101100011001110000000000110
01111010111101001101011010110110
10101010110011100001111001111100
11010011001101110101111111101100
11001110011110001010001110011001
01000000011010110010101001000010
00100000111111101001111000110101
11011001111100111000010110111001
11101110001110011101011110101011
00111011000100100100111010001011
00011101110010011111101011110111
01001011011011010001100001010110
00100110101000110110011000110001
11101010111000111001011110110010
00111010011011101111101001110100
11011101010110110100001100110010
01101000010000011110011111110111
11001010011110000010000011111011
11111011000010101111010101001110
11011000111111101011001110010111
01000101010000000101011010101100
10111010010010001001010100100111
01010101010100110011101000111010
00100000100000111000110110000111
11111110011010111010100110110111
11010000100101101001010101001011
01010101101010000110011110111100
10100001000101011001101001011000
11001100101010010010100101100011
10011001111000011101101100110011
10100110001010100100101001010110
00111111001100010010010111111001
01011110111101000111111000011100
10010000001010010011000101111100
11111101111110001110100000000010
00000100001001110010111101110000
10000000101110110001010101011100
00000101001010000010110011100011
10010101110000010001010101001000
11100100110001100110110100100010
01001000110000010001001100111111
11000111000011111000011011011100
00000111111110011100100111101110
01000001000001000001111100001111
01000000010001110111100110100100
01011101100010000110111000010111
00110010010111110101000111101011
11010101100110111100000011010001
11110010101111001100000110001111
01000001000100010011010101100100
00100101011110110111100000110100
01100000001010101001110001100000
11011111111110001110100010100011
00011111011000110110110000011011
00001110000100101011010011000010
00000010111000010011001010011110
10101111011001100100111111010001
11001010110100011000000100010101
01101011001000111001010111100000
00110011001111101001001011100001
00111011001001000000101101100010
11101110101111101011100100100010
10000101101100101010001000001110
11100110101110100000110110011001
11011110011100100000110010001100
00101101101000101111011100101000
11010000000100100111100001000101
10010101101101111001010011111101
01100100011111010000100001100010
11100111110011001111010111110000
01010100010010011010001101101111
10000111011111010100100011111010
11000011100111011111110100100111
11110011001111101000110100011110
00001010010001110110001101000001
10011001001011101111111101110100
00111010011011110110111010101011
11110100111110001111110100110111
10101000000100101101110001100000
10100001111010111101110111111000
10011001000110111110000101001100
11011011011011100110101100001101
11000110011110110101010100010000
01101101011001110010110000110111
00100111011001011101010000111011
11011100110100001110100000000100
11110001001010010000110111000111
11001100000000001111111110100011
10110101001110010000111110010010
01101001000011111110110100001011
01100110011110111001111111111011
11001110110110110111110110011100
10100000100100011100111100001011
11011001000101010101111010100011
10111011000100110010111110001000
01010001010110111010110100100100
01111011100101000111100110111111
01110110001110111101011011101011
00110111001110010010111010110011
11001100000100010101100101111001
10000000001001101110001010010111
11110100001011100011000100101101
01101000010000101010110110100111
11000110011010100010101100111011
00010010011101010100110011001100
01111000001011101111000100011100
01101010000100100100001000110111
10110111100100100101000111100111
00000110101000011011101111100110
01001011111110110110001101010000
00011010011010110001000000011000
00010001110010101110110111111010
00111101001001011011110111011000
11100010111000011100001111001001
01000100010000100001011001011001
00001010000100100001001110000110
11011001000011001110110001101110
11010101101010111110101000101010
01100100101011110110011101001110
11011010100001101010100001011111
10111110101111111110100110001000
01100100111001001100001111111110
10011101101111001000000001010111
11110000111101111100000010000110
01100000011110000111101111111000
01100000000000110110000001001101
11010001111111011000001101000110
11110110001110000001111110110000
01110111010001011010111000000100
11010111001101101111110011001100
10000011010000100110101100110011
11110000000111101010101101110001
10110000100000000100000110000111
00111100000000000101111001011111
01110111101000000101011110111110
10111101111010001010111000100100
01010101010001100100001010011001
10111111010110000010111001100001
01001110010110001111010010001111
11110010110111011111110110100010
11110100011101001110111100111000
10000111100010011011110111000010
01010011011001101111100111000011
11001000101100111000111001110100
10110100011101011111001001010101
01000110111111001101100110111001
01111010111010110010011001100001
10001011000111011101111110000100
10000100011010100000111001111001
10010001010111111001010111100010
01000110011011100101100110001110
00100000101101000101011101110000
10001100110101010101010110010001
11001001000000101101111001001100
10111001000010111010110011100001
10111011100000100000010111010000
00010001101010000110001001001000
01110101011101001010100110011110
10110111011111110001100110110110
11100000101010011101110000001001
01100110001011010000100110100001
11000100001100100100011000110011
11101000010110100001111100000010
00001001111100001011111010001100
01001010100110011010000000100101
00011101011011101111111000010000
00011010101110010011110100011101
00001011101001011010010011011111
10100001100001101111001000001111
00101000011010001111000101101001
11011100101101111101101010000011
01010111001110010000011011111110
10100001111000101100111010011011
01001111110011010111111101010010
01010000000100010101111000000001
10100111000001101000001111111010
10100000000000101011010111000100
00001101111001101101000000100111
10011010111110001000110000100111
01110111001111111000011001000001
11000011011000000100110000000110
01100001101010000000011010110101
11110000000101110111101000101000
11000000111101011000011011100000
00000000011000000101100010101010
00110000110111000111110101100010
00010001111001101001111011010111
00100011001110001110101001100011
01010011110000101101110110010100
11000010110000100001011000110100
10111011110010111110111001010110
10010000101111001011011011011110
11101011111111000111110110100001
11001110010110010001110101110110
01101111000001011110010000001001
01001011011111000000000110001000
00111001011100100000101000111101
01111100100100100111110000100100
10000110111000110111001001011111
01110010010011011001110110111001
00011010110000010101101110110100
11010011100111101011100011111100
11101101010101000101010101111000
00001000111111001010010110110101
11011000001111010111110011010011
01001101101011010000111111000100
00011110010100001110111101011110
10110001011000011110011011111000
10100010100001010001010011011001
01101100010100010001001100111100
01101111110101011100011111100111
01010110111000010100111011000100
00110110001010101011111111001110
11011101110001101100100000110111
11010111100110100011001000110100
10010010011000111000001000010010
01100111000011101111101010001110
01000000011000000000000011100000
